0 256
1 256
10 257
100 268
101 268
102 268
103 268
104 269
105 269
106 269
107 269
108 269
109 269
11 257
110 269
111 269
112 270
113 270
114 270
115 270
116 270
117 270
118 270
119 270
12 257
120 271
121 271
122 271
123 271
124 271
125 271
126 271
127 271
128 272
129 272
13 257
130 272
131 272
132 272
133 272
134 272
135 272
136 273
137 273
138 273
139 273
14 257
140 273
141 273
142 273
143 273
144 274
145 274
146 274
147 274
148 274
149 274
15 257
150 274
151 274
152 275
153 275
154 275
155 275
156 275
157 275
158 275
159 275
16 258
160 276
161 276
162 276
163 276
164 276
165 276
166 276
167 276
168 277
169 277
17 258
170 277
171 277
172 277
173 277
174 277
175 277
176 278
177 278
178 278
179 278
18 258
180 278
181 278
182 278
183 278
184 279
185 279
186 279
187 279
188 279
189 279
19 258
190 279
191 279
192 280
193 280
194 280
195 280
196 280
197 280
198 280
199 280
2 256
20 258
200 281
201 281
202 281
203 281
204 281
205 281
206 281
207 281
208 282
209 282
21 258
210 282
211 282
212 282
213 282
214 282
215 282
216 283
217 283
218 283
219 283
22 258
220 283
221 283
222 283
223 283
224 284
225 284
226 284
227 284
228 284
229 284
23 258
230 284
231 284
232 285
233 285
234 285
235 285
236 285
237 285
238 285
239 285
24 259
240 286
241 286
242 286
243 286
244 286
245 286
246 286
247 286
248 287
249 287
25 259
250 287
251 287
252 287
253 287
254 287
255 287
256 0
256 1
256 2
256 288
256 289
256 3
256 4
256 5
256 6
256 7
257 10
257 11
257 12
257 13
257 14
257 15
257 288
257 289
257 8
257 9
258 16
258 17
258 18
258 19
258 20
258 21
258 22
258 23
258 288
258 289
259 24
259 25
259 26
259 27
259 28
259 288
259 289
259 29
259 30
259 31
26 259
260 288
260 289
260 32
260 33
260 34
260 35
260 36
260 37
260 38
260 39
261 288
261 289
261 40
261 41
261 42
261 43
261 44
261 45
261 46
261 47
262 288
262 289
262 48
262 49
262 50
262 51
262 52
262 53
262 54
262 55
263 288
263 289
263 56
263 57
263 58
263 59
263 60
263 61
263 62
263 63
264 288
264 289
264 64
264 65
264 66
264 67
264 68
264 69
264 70
264 71
265 288
265 289
265 72
265 73
265 74
265 75
265 76
265 77
265 78
265 79
266 288
266 289
266 80
266 81
266 82
266 83
266 84
266 85
266 86
266 87
267 288
267 289
267 88
267 89
267 90
267 91
267 92
267 93
267 94
267 95
268 100
268 101
268 102
268 103
268 288
268 289
268 96
268 97
268 98
268 99
269 104
269 105
269 106
269 107
269 108
269 109
269 110
269 111
269 288
269 289
27 259
270 112
270 113
270 114
270 115
270 116
270 117
270 118
270 119
270 288
270 289
271 120
271 121
271 122
271 123
271 124
271 125
271 126
271 127
271 288
271 289
272 128
272 129
272 130
272 131
272 132
272 133
272 134
272 135
272 290
272 291
273 136
273 137
273 138
273 139
273 140
273 141
273 142
273 143
273 290
273 291
274 144
274 145
274 146
274 147
274 148
274 149
274 150
274 151
274 290
274 291
275 152
275 153
275 154
275 155
275 156
275 157
275 158
275 159
275 290
275 291
276 160
276 161
276 162
276 163
276 164
276 165
276 166
276 167
276 290
276 291
277 168
277 169
277 170
277 171
277 172
277 173
277 174
277 175
277 290
277 291
278 176
278 177
278 178
278 179
278 180
278 181
278 182
278 183
278 290
278 291
279 184
279 185
279 186
279 187
279 188
279 189
279 190
279 191
279 290
279 291
28 259
280 192
280 193
280 194
280 195
280 196
280 197
280 198
280 199
280 290
280 291
281 200
281 201
281 202
281 203
281 204
281 205
281 206
281 207
281 290
281 291
282 208
282 209
282 210
282 211
282 212
282 213
282 214
282 215
282 290
282 291
283 216
283 217
283 218
283 219
283 220
283 221
283 222
283 223
283 290
283 291
284 224
284 225
284 226
284 227
284 228
284 229
284 230
284 231
284 290
284 291
285 232
285 233
285 234
285 235
285 236
285 237
285 238
285 239
285 290
285 291
286 240
286 241
286 242
286 243
286 244
286 245
286 246
286 247
286 290
286 291
287 248
287 249
287 250
287 251
287 252
287 253
287 254
287 255
287 290
287 291
288 256
288 257
288 258
288 259
288 260
288 261
288 262
288 263
288 264
288 265
288 266
288 267
288 268
288 269
288 270
288 271
288 292
288 293
288 294
288 295
288 296
288 297
288 298
288 299
289 256
289 257
289 258
289 259
289 260
289 261
289 262
289 263
289 264
289 265
289 266
289 267
289 268
289 269
289 270
289 271
289 300
289 301
289 302
289 303
289 304
289 305
289 306
289 307
29 259
290 272
290 273
290 274
290 275
290 276
290 277
290 278
290 279
290 280
290 281
290 282
290 283
290 284
290 285
290 286
290 287
290 292
290 293
290 294
290 295
290 296
290 297
290 298
290 299
291 272
291 273
291 274
291 275
291 276
291 277
291 278
291 279
291 280
291 281
291 282
291 283
291 284
291 285
291 286
291 287
291 300
291 301
291 302
291 303
291 304
291 305
291 306
291 307
292 288
292 290
293 288
293 290
294 288
294 290
295 288
295 290
296 288
296 290
297 288
297 290
298 288
298 290
299 288
299 290
3 256
30 259
300 289
300 291
301 289
301 291
302 289
302 291
303 289
303 291
304 289
304 291
305 289
305 291
306 289
306 291
307 289
307 291
31 259
32 260
33 260
34 260
35 260
36 260
37 260
38 260
39 260
4 256
40 261
41 261
42 261
43 261
44 261
45 261
46 261
47 261
48 262
49 262
5 256
50 262
51 262
52 262
53 262
54 262
55 262
56 263
57 263
58 263
59 263
6 256
60 263
61 263
62 263
63 263
64 264
65 264
66 264
67 264
68 264
69 264
7 256
70 264
71 264
72 265
73 265
74 265
75 265
76 265
77 265
78 265
79 265
8 257
80 266
81 266
82 266
83 266
84 266
85 266
86 266
87 266
88 267
89 267
9 257
90 267
91 267
92 267
93 267
94 267
95 267
96 268
97 268
98 268
99 268