50
765236 147.00 1.000000
3659563 147.00 1.096475
4360680 159.00 1.101958
5534509 146.00 1.192032
554743 149.00 1.243480
8435741 289.00 1.118787
2774548 378.00 1.194122
3270862 286.00 1.304759
2477887 508.00 1.181937
4092522 547.00 1.332436
2487863 691.00 1.380261
5300198 996.00 1.196388
1480924 812.00 1.255952
1728701 873.00 1.269220
7611639 1758.00 1.040480
224749 1550.00 1.146415
7393218 1013.00 1.207193
6327576 1236.00 1.243777
1479469 1316.00 1.256541
1594887 1469.00 1.280441
3732121 1720.00 1.477392
3115296 1512.00 1.484533
1524556 1860.00 1.507964
9374182 1376.00 1.532797
7777387 1270.00 1.623062
2297862 1287.00 1.881774
8121283 1460.00 1.883665
1379209 1625.00 2.216577
9834261 1881.00 2.366629
4775121 1881.00 2.725223
2569049 1907.00 2.899560
5049148 3014.00 1.364318
5730981 2464.00 1.534251
3426963 2143.00 1.998980
3554208 4614.00 2.007751
4307459 2014.00 2.315318
6585971 2714.00 2.376907
5829172 2212.00 2.379853
7984080 2667.00 3.646396
5416000 4132.00 3.904711
3625777 3113.00 4.293091
3809646 6616.00 2.680445
1974735 6556.00 4.635065
4512517 6031.00 4.988599
653860 9334.00 1.479250
8861437 39934.00 2.224751
1168252 17520.00 2.971122
4914513 10369.00 4.722198
7925182 16859.00 6.184995
7882078 212369.00 12.335374
