3 1 32 0
3 17 36 19
3 15 35 12
3 7 33 5
3 9 34 10
7 24 38 41 43 40 32 2
5 1 32 40 33 5
5 14 35 40 34 8
3 31 39 29
3 26 38 25
3 2 32 3
3 26 38 25
3 30 39 31
3 22 37 23
3 23 37 20
3 7 33 6
3 31 39 28
5 22 37 41 36 19
3 0 32 3
7 14 35 40 42 41 36 18
3 22 37 23
3 14 35 13
3 22 37 21
3 23 37 21
3 21 37 20
5 7 33 40 35 13
3 4 33 6
3 15 35 13
3 23 37 21
3 14 35 15
3 21 37 23
7 21 37 41 43 40 34 11
5 18 36 41 37 21
5 31 39 41 38 26
7 9 34 40 42 41 37 22
5 17 36 41 38 26
7 7 33 40 43 41 39 28
3 5 33 6
3 24 38 27
3 6 33 5
3 10 34 9
3 29 39 28
7 6 33 40 43 41 37 22
7 5 33 40 43 41 36 18
5 16 36 41 38 24
3 12 35 15
3 8 34 10
3 18 36 16
3 13 35 14
7 26 38 41 43 40 34 11
3 17 36 19
3 0 32 2
7 28 39 41 42 40 34 9
3 2 32 1
3 4 33 7
3 21 37 22
7 7 33 40 43 41 39 28
3 9 34 8
3 19 36 16
3 24 38 25
3 28 39 30
3 2 32 0
3 17 36 16
7 2 32 40 43 41 36 16
3 21 37 23
3 24 38 26
3 10 34 9
3 7 33 4
3 10 34 11
3 29 39 31
7 7 33 40 42 41 38 24
3 2 32 1
7 8 34 40 42 41 38 27
3 15 35 12
3 3 32 0
7 2 32 40 42 41 39 29
3 18 36 19
7 14 35 40 42 41 39 30
7 10 34 40 43 41 37 20
3 16 36 18
3 27 38 25
3 3 32 0
7 8 34 40 43 41 37 23
3 4 33 5
3 4 33 7
5 16 36 41 37 20
3 15 35 12
3 31 39 28
3 10 34 9
7 27 38 41 42 40 32 3
3 20 37 22
5 22 37 41 38 25
3 29 39 30
3 20 37 23
3 26 38 24
7 8 34 40 42 41 37 22
3 27 38 26
3 2 32 1
3 15 35 12
7 10 34 40 42 41 36 18
3 4 33 5
3 3 32 1
3 13 35 15
3 3 32 2
3 9 34 11
3 23 37 20
3 18 36 17
5 16 36 41 38 24
7 2 32 40 43 41 38 24
3 3 32 1
7 23 37 41 43 40 32 3
7 9 34 40 42 41 37 23
7 1 32 40 43 41 39 28
7 23 37 41 42 40 32 0
3 22 37 21
5 16 36 41 39 31
5 26 38 41 37 21
3 15 35 13
3 21 37 22
3 24 38 26
5 29 39 41 37 21
7 9 34 40 43 41 37 22
3 11 34 9
3 31 39 30
3 15 35 12
3 15 35 12
5 25 38 41 37 21
7 13 35 40 42 41 36 17
3 15 35 12
3 7 33 6
3 5 33 6
3 27 38 26
3 26 38 24
7 12 35 40 42 41 39 29
3 18 36 17
5 28 39 41 37 21
3 7 33 6
3 14 35 13
5 31 39 41 37 20
3 31 39 28
3 20 37 22
3 21 37 20
7 14 35 40 42 41 38 27
3 14 35 12
5 0 32 40 35 13
5 17 36 41 37 22
5 10 34 40 35 15
3 15 35 13
7 18 36 41 43 40 35 15
3 10 34 11
5 11 34 40 35 15
3 7 33 5
5 28 39 41 36 18
3 14 35 15
7 18 36 41 43 40 33 6
7 4 33 40 42 41 39 30
3 14 35 15
3 15 35 13
3 21 37 23
3 12 35 15
3 23 37 21
3 5 33 6
3 3 32 1
7 4 33 40 43 41 36 17
3 30 39 29
7 29 39 41 43 40 33 7
3 22 37 23
3 29 39 30
3 23 37 22
3 22 37 20
3 11 34 8
3 10 34 8
3 13 35 14
3 5 33 4
3 1 32 2
3 5 33 6
3 27 38 24
3 12 35 14
5 2 32 40 35 13
5 16 36 41 39 28
3 7 33 4
5 8 34 40 33 6
7 25 38 41 43 40 34 9
3 17 36 19
3 20 37 21
7 18 36 41 42 40 32 0
5 30 39 41 38 26
7 16 36 41 42 40 33 6
3 12 35 15
3 21 37 20
7 27 38 41 43 40 34 9
3 17 36 18
3 2 32 1
3 26 38 27
7 28 39 41 43 40 32 3
3 28 39 31
3 28 39 29
3 5 33 6
5 29 39 41 36 18
3 3 32 2
3 9 34 11
7 16 36 41 42 40 35 12
3 5 33 6
5 17 36 41 37 23
3 11 34 8
3 22 37 21
5 16 36 41 39 29
3 6 33 5
3 7 33 4
3 17 36 16
3 11 34 9
3 23 37 22
3 7 33 6
3 6 33 5
3 27 38 26
7 2 32 40 43 41 38 26
3 5 33 4
5 16 36 41 37 21
3 3 32 0
5 8 34 40 32 3
3 22 37 21
3 10 34 11
3 22 37 21
5 25 38 41 39 30
7 17 36 41 42 40 35 14
3 25 38 26
3 21 37 20
3 10 34 8
3 12 35 14
3 1 32 3
3 10 34 11
7 1 32 40 43 41 36 16
3 6 33 5
3 10 34 9
3 1 32 2
3 4 33 6
3 14 35 13
3 31 39 29
3 1 32 0
3 0 32 1
3 6 33 7
3 30 39 28
7 14 35 40 42 41 38 25
7 20 37 41 42 40 34 10
3 15 35 14
7 7 33 40 43 41 38 27
7 29 39 41 42 40 35 14
5 23 37 41 36 16
3 21 37 23
3 23 37 20
3 13 35 12
5 0 32 40 34 8
3 19 36 18
3 10 34 8
3 1 32 2
5 26 38 41 37 21
3 27 38 26
3 24 38 25
3 24 38 27
3 20 37 23
3 20 37 23
3 18 36 19
7 12 35 40 42 41 39 31
3 19 36 16
3 12 35 15
3 30 39 31
3 25 38 26
3 12 35 14
3 18 36 17
3 4 33 7
3 26 38 27
3 24 38 27
3 19 36 18
7 21 37 41 42 40 34 10
7 13 35 40 43 41 37 20
3 5 33 4
3 15 35 12
3 20 37 21
5 3 32 40 34 8
3 6 33 7
3 21 37 22
3 5 33 7
3 7 33 6
3 17 36 18
7 17 36 41 42 40 35 14
3 21 37 23
3 27 38 26
3 12 35 15
3 23 37 22
3 18 36 17
7 23 37 41 42 40 33 5
7 18 36 41 43 40 33 5
5 28 39 41 36 16
3 5 33 4
3 22 37 20
3 26 38 27
3 14 35 13
5 14 35 40 34 11
3 21 37 23
3 13 35 14
7 15 35 40 42 41 37 23
3 2 32 3
3 3 32 2
3 29 39 31
3 14 35 15
7 10 34 40 42 41 38 25
3 3 32 1
3 21 37 23
3 23 37 21
7 14 35 40 43 41 38 24
3 7 33 6
3 17 36 19
3 29 39 28
5 29 39 41 36 16
7 26 38 41 43 40 34 10
3 4 33 7
3 3 32 2
3 14 35 13
7 22 37 41 42 40 34 9
3 16 36 18
7 19 36 41 43 40 35 14
3 26 38 27
3 4 33 7
3 9 34 10
5 1 32 40 33 5
3 3 32 2
3 9 34 11
7 26 38 41 43 40 34 11
7 17 36 41 42 40 34 11
3 9 34 11
3 5 33 7
3 22 37 21
3 12 35 14
5 3 32 40 33 7
7 21 37 41 42 40 32 1
3 14 35 12
3 15 35 13
7 9 34 40 43 41 37 22
3 17 36 16
5 0 32 40 34 8
3 22 37 21
3 16 36 18
3 2 32 0
7 28 39 41 42 40 34 8
7 19 36 41 42 40 35 15
3 2 32 3
3 12 35 15
3 6 33 5
3 0 32 1
3 1 32 2
3 29 39 28
3 11 34 8
3 18 36 16
5 28 39 41 36 18
3 21 37 23
3 5 33 6
7 24 38 41 42 40 32 3
3 29 39 30
3 28 39 29
3 23 37 22
3 17 36 19
5 8 34 40 35 14
3 8 34 11
5 17 36 41 37 23
3 6 33 7
3 29 39 30
5 24 38 41 37 21
3 3 32 1
3 9 34 11
3 8 34 11
3 15 35 12
3 29 39 31
3 23 37 21
3 16 36 17
3 9 34 10
3 11 34 8
3 3 32 2
3 7 33 5
3 16 36 18
5 27 38 41 39 29
3 21 37 23
5 4 33 40 32 3
3 2 32 3
3 19 36 18
3 24 38 27
3 14 35 15
3 14 35 12
3 31 39 30
7 20 37 41 43 40 35 12
3 7 33 4
3 8 34 10
3 3 32 0
3 8 34 10
7 28 39 41 42 40 35 12
3 25 38 26
7 6 33 40 43 41 36 16
3 31 39 29
5 16 36 41 37 23
3 27 38 24
3 29 39 30
3 0 32 2
7 8 34 40 42 41 36 16
3 24 38 26
7 28 39 41 43 40 35 14
3 23 37 20
3 17 36 19
3 10 34 9
5 23 37 41 39 30
3 24 38 25
3 20 37 21
3 14 35 13
3 20 37 22
3 6 33 5
3 20 37 22
3 24 38 27
7 8 34 40 43 41 36 19
3 13 35 15
3 1 32 3
7 14 35 40 42 41 38 24
3 14 35 13
3 14 35 15
3 9 34 10
3 13 35 12
3 12 35 15
3 14 35 12
3 3 32 2
7 5 33 40 42 41 38 26
3 28 39 31
3 20 37 23
5 7 33 40 32 1
7 14 35 40 43 41 38 27
3 22 37 23
3 1 32 3
3 22 37 21
3 30 39 28
5 22 37 41 36 18
3 19 36 16
3 11 34 9
3 28 39 29
3 27 38 26
3 28 39 29
3 5 33 4
3 7 33 4
7 12 35 40 43 41 37 20
3 14 35 12
7 28 39 41 42 40 34 8
3 23 37 21
3 30 39 29
7 3 32 40 42 41 36 18
3 24 38 27
3 23 37 22
3 19 36 18
3 18 36 17
3 21 37 23
7 23 37 41 42 40 32 2
3 19 36 16
3 12 35 14
5 12 35 40 32 3
3 18 36 19
3 10 34 8
3 21 37 23
3 9 34 8
7 25 38 41 42 40 35 12
3 8 34 11
3 20 37 23
3 31 39 30
3 8 34 11
3 22 37 20
3 4 33 5
7 22 37 41 42 40 34 11
3 2 32 0
5 16 36 41 39 30
5 20 37 41 36 17
3 24 38 27
3 9 34 11
3 20 37 23
3 20 37 21
3 3 32 0
7 16 36 41 42 40 33 7
3 23 37 20
5 29 39 41 38 27
3 14 35 15
3 12 35 15
7 9 34 40 43 41 37 22
5 3 32 40 35 15
3 2 32 3
7 10 34 40 43 41 38 27
5 23 37 41 36 18
3 6 33 5
3 16 36 19
3 28 39 29
3 5 33 4
5 25 38 41 36 18
3 3 32 0
7 11 34 40 42 41 39 28
7 8 34 40 42 41 37 21
5 12 35 40 34 9
7 1 32 40 42 41 37 20
3 21 37 20
7 25 38 41 43 40 35 14
5 21 37 41 38 26
7 10 34 40 43 41 37 22
3 6 33 5
3 29 39 31
3 31 39 28
3 11 34 9
3 31 39 28
5 3 32 40 33 6
3 21 37 20
3 14 35 15
3 29 39 30
7 17 36 41 42 40 33 5
3 20 37 22
3 18 36 17
3 22 37 20
5 25 38 41 39 28
3 24 38 26
3 19 36 18
3 29 39 31
7 29 39 41 43 40 34 8
3 16 36 19
3 10 34 11
3 4 33 5
3 19 36 17
7 12 35 40 43 41 37 21
3 30 39 29
7 11 34 40 43 41 37 23
7 1 32 40 42 41 37 20
3 31 39 30
7 13 35 40 43 41 37 23
3 21 37 22
3 2 32 1
3 23 37 20
3 23 37 22
5 28 39 41 36 17
3 28 39 30
3 31 39 30
7 16 36 41 42 40 34 8
3 16 36 17
3 21 37 22
3 20 37 22
3 1 32 3
5 27 38 41 36 16
7 10 34 40 43 41 39 30
3 7 33 4
3 11 34 8
5 19 36 41 39 30
3 31 39 30
3 24 38 27
7 17 36 41 43 40 33 4
3 8 34 9
5 23 37 41 36 17
3 12 35 13
3 22 37 23
3 2 32 1
3 9 34 10
7 19 36 41 43 40 32 0
3 4 33 7
3 5 33 7
7 21 37 41 42 40 34 10
3 21 37 20
3 26 38 24
5 6 33 40 34 9
3 9 34 8
3 26 38 25
3 4 33 7
3 31 39 30
3 11 34 8
5 5 33 40 35 14
3 0 32 2
3 28 39 30
5 27 38 41 36 16
3 8 34 11
5 18 36 41 38 25
3 13 35 15
3 8 34 11
3 10 34 9
3 12 35 15
3 16 36 18
3 11 34 9
3 19 36 18
3 29 39 28
3 26 38 24
3 20 37 21
7 5 33 40 43 41 36 18
3 16 36 17
3 15 35 14
3 23 37 22
5 17 36 41 38 24
3 14 35 12
3 27 38 26
5 20 37 41 38 27
3 0 32 3
3 24 38 27
7 29 39 41 42 40 33 4
3 29 39 28
3 8 34 9
3 13 35 14
3 6 33 7
7 21 37 41 43 40 33 7
3 24 38 25
3 30 39 28
3 9 34 8
3 11 34 8
7 15 35 40 42 41 37 20
3 20 37 21
3 14 35 12
7 5 33 40 42 41 37 20
3 26 38 25
3 15 35 13
3 26 38 27
3 21 37 22
3 17 36 18
5 27 38 41 39 30
3 23 37 22
7 17 36 41 43 40 35 12
5 11 34 40 35 13
3 17 36 16
3 27 38 24
7 27 38 41 43 40 32 1
3 0 32 1
3 23 37 22
5 28 39 41 37 22
3 7 33 4
3 31 39 28
3 21 37 23
3 26 38 27
7 18 36 41 43 40 33 4
3 25 38 24
5 8 34 40 32 0
3 29 39 28
3 22 37 23
3 16 36 18
3 23 37 21
3 13 35 12
7 19 36 41 42 40 34 9
5 2 32 40 33 4
3 25 38 27
3 0 32 3
3 16 36 19
3 22 37 23
3 20 37 21
3 13 35 15
5 26 38 41 39 31
7 7 33 40 43 41 39 29
7 25 38 41 42 40 32 1
3 22 37 21
3 4 33 6
3 25 38 24
5 8 34 40 32 2
3 5 33 4
5 11 34 40 32 1
7 26 38 41 42 40 33 6
7 10 34 40 42 41 39 29
5 7 33 40 32 2
3 28 39 31
3 18 36 19
3 30 39 29
5 22 37 41 38 24
3 30 39 31
3 30 39 28
3 0 32 1
3 19 36 16
3 24 38 25
3 20 37 23
3 21 37 23
3 2 32 1
5 8 34 40 35 14
3 4 33 6
7 15 35 40 42 41 38 25
3 16 36 19
3 3 32 2
7 7 33 40 43 41 37 22
3 30 39 28
3 1 32 3
5 19 36 41 37 22
5 23 37 41 36 18
3 4 33 5
3 24 38 26
3 31 39 29
3 13 35 12
3 21 37 23
7 18 36 41 43 40 32 3
3 21 37 22
3 28 39 31
7 0 32 40 43 41 37 20
3 3 32 2
3 11 34 9
3 31 39 30
3 30 39 28
7 5 33 40 43 41 36 18
7 27 38 41 42 40 34 11
3 5 33 4
3 20 37 21
3 11 34 8
5 5 33 40 32 2
3 24 38 26
7 3 32 40 42 41 36 19
3 23 37 21
5 20 37 41 39 28
3 15 35 13
7 13 35 40 43 41 36 16
3 15 35 12
3 12 35 13
3 25 38 24
3 4 33 7
3 23 37 22
3 10 34 9
3 22 37 23
3 5 33 4
3 17 36 18
3 20 37 23
7 31 39 41 42 40 34 8
3 27 38 26
3 2 32 3
5 14 35 40 34 8
3 11 34 10
3 26 38 25
3 28 39 30
3 9 34 8
3 17 36 18
3 7 33 6
3 26 38 27
3 17 36 19
3 25 38 26
3 8 34 10
5 10 34 40 32 1
3 31 39 28
3 25 38 24
3 8 34 11
3 26 38 25
3 14 35 12
5 3 32 40 33 6
3 15 35 14
5 31 39 41 38 25
3 24 38 27
3 1 32 3
3 31 39 28
3 22 37 23
7 16 36 41 43 40 35 13
7 24 38 41 43 40 33 7
3 9 34 11
3 30 39 29
3 25 38 27
3 1 32 0
3 16 36 18
3 6 33 5
3 9 34 10
3 3 32 2
3 15 35 14
7 18 36 41 43 40 33 7
7 13 35 40 42 41 37 23
5 4 33 40 34 9
3 31 39 30
3 28 39 31
3 10 34 9
3 25 38 27
3 22 37 20
3 30 39 28
7 3 32 40 42 41 39 29
3 8 34 11
3 4 33 5
3 16 36 18
3 24 38 26
7 21 37 41 42 40 34 9
3 8 34 9
3 31 39 29
3 24 38 26
7 14 35 40 43 41 36 19
5 18 36 41 37 20
3 20 37 22
3 2 32 0
3 4 33 6
3 15 35 13
3 23 37 21
3 7 33 6
3 8 34 10
3 23 37 21
3 4 33 5
7 25 38 41 43 40 35 14
3 1 32 3
3 17 36 18
7 5 33 40 43 41 39 31
3 27 38 25
7 26 38 41 43 40 34 10
3 17 36 19
3 22 37 20
3 2 32 1
3 25 38 27
5 25 38 41 36 18
3 29 39 30
3 7 33 4
5 13 35 40 32 3
3 8 34 9
3 13 35 12
3 29 39 28
3 18 36 16
3 31 39 29
3 13 35 14
3 11 34 8
3 22 37 20
3 8 34 11
3 13 35 12
3 27 38 26
3 10 34 9
3 29 39 30
3 3 32 1
3 22 37 21
3 22 37 20
3 11 34 10
5 21 37 41 36 18
7 20 37 41 42 40 32 1
3 1 32 0
3 13 35 15
3 22 37 21
3 5 33 6
3 22 37 21
3 25 38 26
5 23 37 41 39 31
5 23 37 41 38 25
3 14 35 15
3 18 36 16
7 26 38 41 42 40 32 2
3 21 37 22
3 1 32 2
5 10 34 40 35 12
3 25 38 27
7 0 32 40 43 41 37 20
3 21 37 20
3 14 35 15
3 2 32 3
7 5 33 40 43 41 39 30
3 13 35 14
3 28 39 30
3 24 38 25
5 0 32 40 34 9
3 4 33 6
3 9 34 10
3 1 32 2
7 25 38 41 42 40 35 13
3 3 32 2
3 11 34 10
3 20 37 23
3 20 37 23
7 23 37 41 42 40 34 8
3 6 33 5
3 22 37 21
7 30 39 41 43 40 33 4
7 30 39 41 42 40 32 3
3 7 33 5
3 23 37 21
3 21 37 23
3 31 39 30
3 16 36 18
3 20 37 22
3 24 38 26
5 24 38 41 39 28
3 7 33 4
5 6 33 40 35 14
3 29 39 31
7 21 37 41 43 40 35 15
7 5 33 40 43 41 37 22
3 22 37 20
3 27 38 26
3 26 38 24
5 12 35 40 34 11
3 15 35 12
3 6 33 7
7 31 39 41 43 40 32 2
5 30 39 41 38 26
7 6 33 40 43 41 36 16
3 3 32 1
5 16 36 41 39 28
3 23 37 21
3 18 36 16
3 29 39 30
3 10 34 8
7 20 37 41 42 40 33 5
5 28 39 41 38 25
3 22 37 21
5 0 32 40 33 4
7 3 32 40 42 41 38 25
3 4 33 5
3 3 32 2
3 31 39 29
3 2 32 0
3 18 36 17
3 3 32 0
3 6 33 7
3 24 38 27
3 14 35 12
7 19 36 41 43 40 35 14
3 0 32 3
3 31 39 29
7 12 35 40 42 41 39 30
3 18 36 19
7 26 38 41 42 40 32 2
3 8 34 11
3 11 34 8
3 0 32 3
3 1 32 2
5 25 38 41 37 22
3 24 38 25
3 28 39 30
3 30 39 29
7 21 37 41 43 40 32 3
7 27 38 41 43 40 35 15
5 29 39 41 38 26
3 10 34 8
3 25 38 26
3 8 34 9
3 5 33 6
7 12 35 40 42 41 38 27
7 22 37 41 42 40 34 8
3 11 34 10
7 19 36 41 42 40 33 7
3 22 37 23
7 22 37 41 43 40 33 7
3 1 32 0
5 16 36 41 37 20
3 5 33 4
3 0 32 2
3 14 35 15
3 5 33 7
3 0 32 3
3 30 39 31
3 1 32 2
7 28 39 41 43 40 34 10
3 2 32 0
3 31 39 30
3 8 34 10
7 6 33 40 42 41 39 29
3 22 37 21
7 30 39 41 43 40 33 4
3 22 37 20
3 26 38 24
5 25 38 41 37 20
3 10 34 11
5 24 38 41 36 17
3 29 39 30
7 24 38 41 43 40 33 5
3 26 38 24
5 18 36 41 37 21
3 26 38 27
3 27 38 26
7 17 36 41 42 40 32 0
7 2 32 40 43 41 39 31
3 18 36 19
3 29 39 30
3 15 35 12
3 15 35 12
3 30 39 28
3 6 33 4
3 18 36 17
7 24 38 41 42 40 33 5
7 2 32 40 43 41 36 16
3 9 34 10
7 7 33 40 42 41 37 23
3 1 32 3
3 11 34 8
3 13 35 12
3 6 33 5
3 1 32 2
3 18 36 19
7 28 39 41 42 40 34 10
3 5 33 4
5 18 36 41 37 22
3 0 32 2
3 26 38 25
3 27 38 25
3 21 37 23
5 5 33 40 34 10
5 4 33 40 34 11
7 3 32 40 42 41 38 26
7 4 33 40 42 41 37 23
3 27 38 25
3 4 33 7
3 23 37 21
3 4 33 7
5 13 35 40 34 11
3 16 36 18
3 22 37 23
3 31 39 28
5 31 39 41 36 17
5 29 39 41 36 18
3 9 34 10
5 5 33 40 32 2
7 26 38 41 42 40 35 12
3 22 37 21
3 29 39 28
7 10 34 40 42 41 38 24
7 4 33 40 42 41 37 20
3 13 35 15
3 14 35 15
3 23 37 20
5 30 39 41 36 17
7 18 36 41 43 40 33 7
3 9 34 11
3 9 34 11
3 27 38 25
3 4 33 6
5 22 37 41 39 29
3 24 38 26
3 5 33 6
3 21 37 23
3 3 32 2
3 9 34 10
3 9 34 11
3 20 37 22
3 13 35 14
3 28 39 31
3 22 37 23
5 0 32 40 33 6
3 13 35 14
3 6 33 4
5 25 38 41 36 19
3 30 39 28
3 21 37 22
3 29 39 28
3 4 33 5
3 30 39 29
7 19 36 41 43 40 34 11
3 10 34 8
3 12 35 13
5 27 38 41 36 18
5 0 32 40 34 10
3 18 36 19
3 21 37 22
7 4 33 40 42 41 38 24
3 15 35 12
3 5 33 7
3 7 33 4
3 12 35 14
3 21 37 20
5 26 38 41 37 20
5 18 36 41 39 30
7 7 33 40 42 41 38 27
3 9 34 10
3 28 39 29
7 25 38 41 43 40 32 1
5 2 32 40 34 9
3 15 35 14
3 11 34 8
3 7 33 6
3 24 38 27
3 4 33 7
7 11 34 40 43 41 37 22
3 1 32 2
3 2 32 1
3 30 39 28
3 23 37 20
3 16 36 17
7 10 34 40 42 41 39 31
3 13 35 15
3 26 38 25
7 29 39 41 43 40 33 7
3 7 33 5
3 6 33 4
7 6 33 40 42 41 38 26
3 2 32 0
5 15 35 40 34 10
3 1 32 2
3 9 34 8
3 24 38 25
7 28 39 41 42 40 33 5
3 18 36 19
5 21 37 41 38 27
5 5 33 40 34 10
7 19 36 41 42 40 35 14
5 0 32 40 34 9
3 0 32 1
3 31 39 29
3 3 32 2
3 26 38 25
3 7 33 4
7 3 32 40 43 41 37 20
3 7 33 5
3 31 39 29
3 25 38 27
3 7 33 4
3 2 32 0
7 2 32 40 42 41 36 17
3 12 35 15
5 24 38 41 36 16
7 29 39 41 42 40 33 4
5 30 39 41 36 17
3 21 37 23
7 18 36 41 42 40 33 6
5 16 36 41 37 22
5 31 39 41 37 23
5 21 37 41 38 26
3 13 35 12
3 8 34 9
7 5 33 40 43 41 37 22
3 31 39 29
3 24 38 27
3 13 35 15
3 29 39 31
7 28 39 41 43 40 33 7
5 3 32 40 33 4
3 23 37 21
5 17 36 41 39 28
3 27 38 26
3 25 38 26
3 29 39 30
3 18 36 19
5 22 37 41 38 24
3 2 32 0
7 29 39 41 42 40 35 14
3 27 38 26
3 18 36 16
7 5 33 40 42 41 39 30
3 6 33 5
3 9 34 10
3 3 32 0
7 24 38 41 42 40 35 13
3 6 33 7
3 6 33 5
3 19 36 16
3 28 39 31
5 17 36 41 37 22
3 27 38 24
3 10 34 8
3 8 34 9
7 4 33 40 43 41 36 16
3 15 35 13
3 21 37 23
7 30 39 41 42 40 34 8
3 14 35 15
3 8 34 9
5 30 39 41 36 17
3 19 36 18
7 25 38 41 43 40 33 7
7 31 39 41 42 40 32 2
7 24 38 41 42 40 33 6
3 10 34 11
3 5 33 7
3 1 32 3
3 23 37 22
5 16 36 41 39 31
3 27 38 24
3 8 34 10
3 21 37 22
3 17 36 18
3 20 37 22
3 0 32 2
3 3 32 1
3 20 37 21
7 27 38 41 42 40 34 9
5 13 35 40 34 11
3 9 34 8
3 28 39 31
3 19 36 17
7 31 39 41 42 40 32 3
7 0 32 40 42 41 37 23
3 29 39 28
3 14 35 15
3 3 32 1
3 31 39 29
3 31 39 29
3 20 37 23
3 13 35 15
3 22 37 23
3 28 39 31
3 26 38 24
7 18 36 41 43 40 32 3
3 2 32 0
3 15 35 14
3 1 32 0
3 29 39 31
3 2 32 3
3 17 36 16
3 23 37 21
3 10 34 11
7 14 35 40 43 41 39 29
7 16 36 41 43 40 32 3
3 27 38 25
3 18 36 17
3 8 34 11
3 24 38 25
3 9 34 10
7 20 37 41 42 40 33 7
3 15 35 12
3 23 37 22
3 16 36 18
5 19 36 41 38 24
5 8 34 40 33 5
7 29 39 41 43 40 33 6
3 25 38 24
3 7 33 4
3 24 38 25
3 24 38 27
3 22 37 21
3 23 37 20
3 17 36 16
3 3 32 1
3 4 33 6
5 27 38 41 37 23
7 21 37 41 42 40 33 4
7 0 32 40 42 41 38 26
3 20 37 22
3 4 33 6
3 1 32 0
7 30 39 41 43 40 32 0
3 3 32 2
3 1 32 3
7 7 33 40 43 41 37 21
3 3 32 0
7 22 37 41 43 40 34 9
5 3 32 40 35 12
3 25 38 24
3 31 39 30
3 23 37 20
3 26 38 27
3 20 37 21
7 3 32 40 43 41 39 30
3 7 33 4
7 22 37 41 43 40 34 11
3 17 36 16
7 13 35 40 42 41 37 23
5 25 38 41 37 22
3 29 39 30
3 25 38 24
3 19 36 17
7 11 34 40 43 41 36 17
7 6 33 40 43 41 37 23
3 20 37 22
7 8 34 40 42 41 37 23
3 16 36 18
7 5 33 40 42 41 37 23
3 18 36 16
3 6 33 4
3 7 33 5
5 8 34 40 33 6
3 23 37 22
3 11 34 8
3 3 32 2
3 9 34 10
3 4 33 7
3 23 37 22
3 20 37 23
3 5 33 4
5 25 38 41 37 20
5 5 33 40 35 15
3 3 32 1
3 17 36 19
5 28 39 41 36 17
5 28 39 41 38 26
3 26 38 25
3 13 35 15
3 10 34 11
3 2 32 0
3 9 34 8
7 3 32 40 43 41 36 18
3 15 35 14
3 22 37 23
3 5 33 6
3 24 38 25
3 24 38 26
3 3 32 2
3 26 38 27
5 29 39 41 36 18
5 0 32 40 33 5
3 22 37 23
5 13 35 40 33 4
7 0 32 40 43 41 37 22
7 17 36 41 42 40 34 11
3 0 32 2
3 6 33 7
3 23 37 21
3 4 33 6
3 12 35 14
5 12 35 40 34 10
5 27 38 41 39 28
3 26 38 27
3 29 39 31
7 10 34 40 43 41 37 22
3 14 35 15
3 21 37 23
3 15 35 13
7 9 34 40 42 41 38 27
3 9 34 11
7 18 36 41 43 40 34 11
3 16 36 19
3 16 36 18
3 27 38 26
3 3 32 1
3 23 37 22
3 29 39 30
3 5 33 7
7 17 36 41 43 40 34 8
3 26 38 25
3 17 36 18
5 10 34 40 32 3
3 25 38 24
3 28 39 31
5 13 35 40 33 7
7 20 37 41 43 40 34 10
5 28 39 41 36 16
3 5 33 4
3 7 33 5
3 18 36 16
3 7 33 4
3 10 34 11
3 6 33 7
7 3 32 40 42 41 39 28
3 18 36 17
5 9 34 40 35 14
3 22 37 20
3 21 37 22
3 22 37 20
3 8 34 10
7 5 33 40 42 41 37 21
3 16 36 17
3 5 33 4
3 8 34 9
3 14 35 15
3 21 37 23
3 26 38 24
3 24 38 25
3 11 34 9
3 0 32 2
7 8 34 40 42 41 37 20
3 29 39 28
5 20 37 41 38 26
3 4 33 7
3 18 36 16
3 9 34 10
3 14 35 12
3 13 35 12
3 9 34 11
3 14 35 13
7 10 34 40 42 41 38 27
3 13 35 12
3 21 37 20
3 3 32 2
3 0 32 3
3 23 37 22
3 30 39 29
3 2 32 1
3 20 37 23
3 6 33 4
3 5 33 6
3 21 37 23
3 30 39 28
3 27 38 25
3 1 32 3
7 14 35 40 42 41 36 16
3 6 33 4
5 3 32 40 33 5
3 20 37 21
3 17 36 16
3 1 32 0
5 3 32 40 34 9
3 10 34 11
3 30 39 29
3 9 34 8
3 27 38 26
3 0 32 2
5 15 35 40 33 6
3 24 38 27
7 10 34 40 43 41 36 16
5 14 35 40 32 2
3 15 35 14
3 22 37 23
3 24 38 25
5 27 38 41 39 29
7 24 38 41 43 40 34 8
5 8 34 40 32 0
3 12 35 15
7 8 34 40 43 41 37 20
3 20 37 23
3 14 35 15
7 6 33 40 43 41 37 23
5 13 35 40 32 0
7 27 38 41 42 40 32 2
3 13 35 12
3 0 32 3
3 7 33 5
3 21 37 23
5 11 34 40 35 12
3 22 37 20
5 6 33 40 34 9
3 29 39 28
3 21 37 20
3 22 37 21
3 21 37 22
3 28 39 30
3 4 33 6
3 12 35 13
3 16 36 18
7 25 38 41 42 40 35 13
3 6 33 4
3 16 36 17
3 25 38 27
5 0 32 40 34 8
3 21 37 23
3 31 39 28
3 21 37 20
3 26 38 27
7 3 32 40 42 41 39 31
3 4 33 6
3 0 32 3
3 31 39 30
3 27 38 24
5 19 36 41 39 28
3 15 35 14
3 24 38 27
3 18 36 17
3 3 32 2
3 13 35 14
3 1 32 0
7 5 33 40 43 41 37 22
3 13 35 14
3 17 36 19
3 17 36 16
5 24 38 41 37 20
3 21 37 23
7 25 38 41 42 40 34 8
3 13 35 14
5 20 37 41 39 29
5 2 32 40 33 4
5 10 34 40 35 13
3 6 33 7
7 11 34 40 42 41 37 21
7 18 36 41 43 40 32 1
3 6 33 4
5 22 37 41 39 29
3 29 39 31
3 7 33 4
3 31 39 30
3 25 38 27
3 29 39 30
3 15 35 13
3 19 36 17
3 22 37 23
7 17 36 41 42 40 33 7
3 26 38 25
7 12 35 40 43 41 38 27
3 8 34 9
5 2 32 40 34 11
3 3 32 1
7 20 37 41 42 40 34 10
3 22 37 23
3 31 39 30
7 12 35 40 43 41 36 17
3 15 35 12
3 30 39 28
7 2 32 40 42 41 36 16
3 28 39 30
3 20 37 23
5 4 33 40 32 3
3 23 37 22
7 25 38 41 42 40 33 4
3 11 34 9
3 21 37 23
3 8 34 9
3 29 39 30
7 4 33 40 42 41 36 19
5 19 36 41 38 25
3 31 39 28
5 14 35 40 33 6
3 16 36 18
3 5 33 7
3 30 39 31
3 15 35 13
3 31 39 28
3 28 39 29
3 22 37 23
3 20 37 21
3 23 37 21
3 22 37 20
3 13 35 14
7 11 34 40 43 41 39 29
3 27 38 25
3 16 36 18
3 18 36 17
3 7 33 6
3 0 32 1
3 1 32 0
5 12 35 40 32 3
3 20 37 23
3 13 35 14
3 14 35 13
3 6 33 7
3 30 39 29
7 15 35 40 43 41 38 26
7 2 32 40 42 41 36 18
3 14 35 12
5 25 38 41 39 31
3 12 35 15
3 28 39 29
5 29 39 41 38 26
3 13 35 14
3 17 36 16
3 5 33 6
3 6 33 7
3 16 36 17
5 10 34 40 33 4
3 31 39 28
3 3 32 0
3 24 38 27
5 10 34 40 32 2
3 0 32 2
3 16 36 17
3 28 39 31
3 21 37 20
7 22 37 41 42 40 35 14
3 3 32 0
5 24 38 41 37 21
3 3 32 2
7 28 39 41 42 40 35 14
5 2 32 40 34 11
3 6 33 7
3 2 32 0
3 16 36 18
3 17 36 19
3 20 37 22
3 12 35 14
3 28 39 31
3 31 39 29
5 17 36 41 38 24
7 8 34 40 42 41 38 25
3 23 37 21
3 15 35 14
7 10 34 40 43 41 39 28
3 31 39 28
7 10 34 40 43 41 39 28
3 11 34 9
3 27 38 24
3 2 32 0
3 8 34 11
3 21 37 22
7 23 37 41 42 40 35 13
3 27 38 25
3 22 37 20
3 4 33 7
3 16 36 19
3 13 35 14
3 10 34 9
3 25 38 27
3 15 35 12
3 15 35 14
3 4 33 6
3 15 35 14
3 27 38 26
5 8 34 40 35 14
3 22 37 23
3 12 35 13
3 12 35 13
7 16 36 41 43 40 34 10
3 4 33 6
3 6 33 4
5 11 34 40 35 12
3 7 33 5
3 26 38 27
3 0 32 3
3 3 32 1
3 4 33 5
7 27 38 41 42 40 33 5
5 16 36 41 37 21
3 6 33 7
5 30 39 41 37 23
3 13 35 14
3 9 34 11
5 10 34 40 33 5
3 18 36 19
3 25 38 24
3 10 34 8
3 11 34 8
3 4 33 5
3 6 33 4
3 12 35 15
3 9 34 11
3 0 32 2
3 19 36 16
3 21 37 20
3 7 33 5
3 17 36 16
7 24 38 41 43 40 35 12
3 31 39 30
3 7 33 4
3 23 37 21
3 4 33 7
3 23 37 22
3 7 33 6
3 3 32 2
3 8 34 10
3 9 34 11
3 9 34 8
5 22 37 41 39 31
3 22 37 23
3 24 38 26
3 2 32 3
3 7 33 6
3 16 36 18
3 28 39 31
3 24 38 27
3 23 37 21
3 12 35 15
3 17 36 18
3 22 37 20
3 18 36 19
3 9 34 8
3 9 34 8
3 27 38 24
5 9 34 40 33 5
3 10 34 8
3 28 39 31
3 4 33 6
3 9 34 10
3 7 33 4
3 31 39 30
3 22 37 21
3 16 36 17
3 28 39 29
3 30 39 29
3 1 32 0
3 1 32 0
3 2 32 3
3 11 34 8
3 1 32 3
3 16 36 17
3 5 33 7
5 27 38 41 37 22
3 11 34 8
3 31 39 30
7 13 35 40 43 41 38 25
3 10 34 9
5 23 37 41 36 17
3 10 34 9
3 23 37 21
5 21 37 41 36 16
3 20 37 23
5 30 39 41 38 27
3 18 36 19
7 12 35 40 43 41 39 31
3 16 36 19
3 26 38 25
3 25 38 24
3 15 35 14
3 29 39 30
7 14 35 40 42 41 38 27
7 20 37 41 43 40 33 7
3 10 34 9
5 19 36 41 37 23
3 2 32 3
5 5 33 40 34 10
3 20 37 21
3 6 33 4
3 4 33 7
3 21 37 20
3 11 34 9
3 20 37 21
3 3 32 2
5 6 33 40 32 0
3 25 38 27
3 10 34 9
3 8 34 9
3 4 33 5
3 3 32 2
3 22 37 23
7 16 36 41 43 40 32 2
3 20 37 23
3 8 34 11
3 31 39 29
3 17 36 18
3 4 33 5
3 7 33 5
7 9 34 40 42 41 39 29
7 29 39 41 43 40 33 6
3 31 39 30
5 2 32 40 35 12
3 21 37 22
3 21 37 23
5 26 38 41 39 30
3 23 37 22
7 8 34 40 43 41 36 18
3 26 38 25
7 9 34 40 43 41 38 24
3 7 33 6
3 2 32 3
3 3 32 1
3 12 35 15
3 27 38 24
3 1 32 3
3 10 34 8
7 11 34 40 42 41 38 24
3 19 36 16
3 1 32 2
3 22 37 20
3 16 36 17
3 12 35 14
3 30 39 28
3 11 34 8
7 28 39 41 43 40 35 15
5 20 37 41 36 19
3 21 37 20
3 13 35 15
5 20 37 41 39 28
3 6 33 4
3 22 37 20
7 11 34 40 42 41 38 26
3 29 39 31
3 11 34 9
5 21 37 41 39 31
3 9 34 11
3 27 38 24
3 11 34 10
3 15 35 12
3 28 39 30
3 4 33 6
3 18 36 16
3 26 38 27
5 9 34 40 35 15
3 21 37 20
7 9 34 40 43 41 36 19
3 26 38 27
7 4 33 40 43 41 39 30
3 21 37 23
3 3 32 2
3 21 37 20
3 17 36 18
5 16 36 41 39 31
3 13 35 15
3 4 33 6
7 9 34 40 43 41 36 17
3 25 38 26
5 27 38 41 36 19
3 10 34 8
3 16 36 17
3 20 37 22
5 29 39 41 36 18
3 17 36 16
3 13 35 15
3 15 35 13
3 3 32 1
3 20 37 22
3 17 36 18
5 28 39 41 36 17
3 20 37 21
3 25 38 27
7 29 39 41 42 40 35 14
3 4 33 5
3 26 38 27
3 5 33 7
7 12 35 40 43 41 37 21
3 20 37 23
7 2 32 40 43 41 39 28
3 21 37 20
5 22 37 41 39 31
3 15 35 12
5 8 34 40 35 12
3 25 38 26
3 2 32 3
3 0 32 2
3 29 39 28
7 29 39 41 43 40 32 0
5 0 32 40 33 6
7 17 36 41 42 40 33 7
3 22 37 20
7 8 34 40 42 41 36 18
3 30 39 29
3 13 35 15
3 31 39 30
3 18 36 16
5 11 34 40 35 15
3 18 36 17
3 14 35 15
3 2 32 1
3 19 36 16
3 12 35 15
3 0 32 2
3 28 39 29
3 12 35 14
3 31 39 28
3 15 35 12
3 23 37 22
3 7 33 6
3 18 36 17
7 12 35 40 42 41 39 31
3 12 35 14
3 23 37 22
3 29 39 31
3 7 33 6
7 9 34 40 43 41 39 29
3 21 37 23
5 14 35 40 33 5
3 19 36 16
3 14 35 13
7 16 36 41 43 40 32 1
3 11 34 9
3 4 33 7
3 28 39 31
3 5 33 6
5 26 38 41 37 20
7 13 35 40 42 41 38 26
3 25 38 24
3 10 34 8
3 19 36 18
3 19 36 18
3 9 34 11
3 1 32 2
3 15 35 14
3 6 33 7
3 24 38 26
3 20 37 22
3 22 37 20
3 7 33 5
3 21 37 23
3 8 34 9
3 11 34 8
3 29 39 28
3 0 32 3
3 6 33 4
3 13 35 15
3 16 36 17
3 18 36 17
7 20 37 41 42 40 33 7
5 14 35 40 32 3
3 10 34 11
3 10 34 9
3 14 35 15
3 27 38 24
3 9 34 8
3 27 38 25
3 24 38 27
3 11 34 9
7 21 37 41 43 40 33 6
7 27 38 41 43 40 35 14
3 22 37 21
5 11 34 40 33 6
5 22 37 41 36 18
3 30 39 29
3 21 37 22
3 29 39 30
7 22 37 41 43 40 35 13
3 6 33 5
3 25 38 26
3 17 36 18
3 24 38 26
3 4 33 5
3 24 38 25
3 28 39 29
3 13 35 15
7 15 35 40 42 41 36 19
3 4 33 5
3 19 36 18
3 10 34 9
5 26 38 41 36 19
3 20 37 22
3 13 35 12
3 11 34 8
3 5 33 6
3 29 39 28
3 21 37 22
7 22 37 41 43 40 35 12
5 17 36 41 39 31
3 9 34 11
3 4 33 5
3 25 38 26
3 8 34 11
5 1 32 40 33 7
3 26 38 24
3 22 37 23
3 14 35 12
3 14 35 13
3 5 33 6
3 18 36 19
3 21 37 22
3 6 33 7
3 2 32 0
3 9 34 10
3 31 39 29
7 14 35 40 43 41 38 24
5 17 36 41 37 23
5 22 37 41 38 24
3 17 36 19
3 21 37 23
3 30 39 29
3 18 36 16
7 23 37 41 43 40 32 2
7 2 32 40 43 41 38 24
3 11 34 10
3 0 32 1
3 4 33 5
7 26 38 41 43 40 35 15
3 26 38 27
3 21 37 23
3 29 39 31
3 8 34 10
3 26 38 27
3 30 39 31
3 18 36 19
3 22 37 23
7 17 36 41 42 40 33 7
3 27 38 25
5 19 36 41 38 24
3 27 38 26
7 4 33 40 42 41 36 19
3 2 32 0
7 29 39 41 42 40 33 5
3 10 34 11
3 12 35 15
3 1 32 3
7 24 38 41 43 40 32 2
7 7 33 40 43 41 39 28
5 17 36 41 37 21
3 25 38 26
5 27 38 41 36 19
3 4 33 7
3 5 33 6
3 29 39 30
3 23 37 21
3 5 33 7
3 4 33 7
3 12 35 14
3 12 35 15
3 23 37 20
5 27 38 41 37 23
3 28 39 31
3 11 34 10
5 24 38 41 36 18
3 12 35 15
5 8 34 40 32 0
7 1 32 40 43 41 36 19
3 8 34 9
7 31 39 41 43 40 35 12
3 13 35 15
3 19 36 16
3 22 37 20
3 21 37 23
3 20 37 23
5 15 35 40 33 5
3 9 34 11
3 11 34 10
3 11 34 10
3 29 39 31
3 28 39 29
3 17 36 18
3 31 39 30
3 17 36 16
3 29 39 28
3 11 34 8
3 11 34 10
7 31 39 41 43 40 34 9
3 13 35 14
5 10 34 40 32 0
3 13 35 12
3 14 35 13
3 22 37 23
3 15 35 13
3 4 33 5
3 25 38 26
3 27 38 24
3 23 37 20
3 14 35 12
3 23 37 22
3 0 32 3
3 10 34 11
3 28 39 31
7 0 32 40 42 41 36 19
7 20 37 41 42 40 32 2
3 20 37 21
7 28 39 41 42 40 32 3
3 14 35 15
3 14 35 12
3 30 39 28
3 18 36 16
5 20 37 41 36 16
3 10 34 9
3 31 39 29
3 8 34 9
5 14 35 40 32 1
3 14 35 15
3 24 38 25
7 9 34 40 43 41 37 22
3 19 36 17
3 8 34 11
5 31 39 41 38 25
3 25 38 27
7 13 35 40 42 41 39 30
3 21 37 22
3 13 35 15
3 17 36 16
3 18 36 19
3 5 33 4
3 17 36 16
3 11 34 9
3 29 39 30
7 21 37 41 43 40 34 10
3 19 36 16
3 25 38 27
3 30 39 28
3 19 36 18
3 13 35 15
5 22 37 41 39 30
3 15 35 14
3 0 32 3
3 31 39 30
