2 1 26 
2 9 49 
2 7 41 
2 93 33 
2 95 36 
6 17 60 80 85 67 28 
4 1 30 68 33 
4 6 45 69 39 
2 25 62 
2 19 57 
2 12 29 
2 19 57 
2 24 64 
2 15 54 
2 16 51 
2 93 34 
2 25 61 
4 15 55 75 49 
2 0 29 
6 6 45 73 88 75 48 
2 15 54 
2 6 42 
2 15 52 
2 16 52 
2 14 51 
4 93 32 70 42 
2 66 34 
2 7 42 
2 16 52 
2 6 44 
2 14 54 
6 14 55 80 85 69 37 
4 10 50 76 52 
4 25 65 77 58 
6 95 38 71 84 76 53 
4 9 50 77 58 
6 93 32 72 86 78 61 
2 91 34 
2 17 59 
2 92 33 
2 2 40 
2 22 61 
6 92 32 72 86 76 53 
6 91 32 74 90 75 48 
4 8 50 77 56 
2 4 44 
2 94 36 
2 10 46 
2 5 43 
6 19 60 80 85 69 37 
2 9 49 
2 0 28 
6 21 65 79 83 69 40 
2 12 27 
2 66 35 
2 14 53 
6 93 32 74 90 78 61 
2 95 39 
2 11 46 
2 17 57 
2 21 63 
2 12 26 
2 9 46 
6 12 30 72 86 75 46 
2 14 54 
2 17 58 
2 2 40 
2 93 31 
2 2 37 
2 22 64 
6 93 32 73 88 77 56 
2 12 27 
6 94 38 73 88 77 59 
2 7 41 
2 23 26 
6 12 30 73 88 78 62 
2 10 49 
6 6 45 73 88 78 63 
6 2 38 74 90 76 51 
2 8 48 
2 20 57 
2 23 26 
6 94 38 74 90 76 54 
2 66 33 
2 66 35 
4 8 50 76 51 
2 7 41 
2 25 61 
2 2 40 
6 20 60 79 83 67 29 
2 13 53 
4 15 55 77 57 
2 22 63 
2 13 54 
2 19 56 
6 94 38 71 84 76 53 
2 20 58 
2 12 27 
2 7 41 
6 2 38 71 84 75 48 
2 66 33 
2 23 27 
2 5 44 
2 23 28 
2 95 37 
2 16 51 
2 10 47 
4 8 50 77 56 
6 12 30 74 90 77 56 
2 23 27 
6 16 55 80 85 67 29 
6 95 38 71 84 76 54 
6 1 30 72 86 78 61 
6 16 55 81 87 67 26 
2 15 52 
4 8 50 78 64 
4 19 60 76 52 
2 7 42 
2 14 53 
2 17 58 
4 22 65 76 52 
6 95 38 74 90 76 53 
2 3 40 
2 25 63 
2 7 41 
2 7 41 
4 18 60 76 52 
6 5 45 71 84 75 47 
2 7 41 
2 93 34 
2 91 34 
2 20 58 
2 19 56 
6 4 45 73 88 78 62 
2 10 47 
4 21 65 76 52 
2 93 34 
2 6 42 
4 25 65 76 51 
2 25 61 
2 13 53 
2 14 51 
6 6 45 71 84 77 59 
2 6 41 
4 0 30 70 42 
4 9 50 76 53 
4 2 38 70 44 
2 7 42 
6 10 50 82 89 70 44 
2 2 37 
4 3 38 70 44 
2 93 33 
4 21 65 75 48 
2 6 44 
6 10 50 80 85 68 34 
6 66 32 71 84 78 63 
2 6 44 
2 7 42 
2 14 54 
2 4 44 
2 16 52 
2 91 34 
2 23 27 
6 66 32 74 90 75 47 
2 24 62 
6 22 65 82 89 68 35 
2 15 54 
2 22 63 
2 16 53 
2 15 51 
2 3 39 
2 2 39 
2 5 43 
2 91 31 
2 1 28 
2 91 34 
2 20 56 
2 4 43 
4 12 30 70 42 
4 8 50 78 61 
2 93 31 
4 94 38 68 34 
6 18 60 80 85 69 40 
2 9 49 
2 13 52 
6 10 50 79 83 67 26 
4 24 65 77 58 
6 8 50 79 83 68 34 
2 4 44 
2 14 51 
6 20 60 80 85 69 40 
2 9 48 
2 12 27 
2 19 59 
6 21 65 82 89 67 29 
2 21 64 
2 21 62 
2 91 34 
4 22 65 75 48 
2 23 28 
2 95 37 
6 8 50 79 83 70 41 
2 91 34 
4 9 50 76 54 
2 3 39 
2 15 52 
4 8 50 78 62 
2 92 33 
2 93 31 
2 9 46 
2 3 40 
2 16 53 
2 93 34 
2 92 33 
2 20 58 
6 12 30 72 86 77 58 
2 91 31 
4 8 50 76 52 
2 23 26 
4 94 38 67 29 
2 15 52 
2 2 37 
2 15 52 
4 18 60 78 63 
6 9 50 81 87 70 43 
2 18 58 
2 14 51 
2 2 39 
2 4 43 
2 1 29 
2 2 37 
6 1 30 74 90 75 46 
2 92 33 
2 2 40 
2 1 28 
2 66 34 
2 6 42 
2 25 62 
2 1 26 
2 0 27 
2 92 35 
2 24 61 
6 6 45 73 88 77 57 
6 13 55 79 83 69 36 
2 7 43 
6 93 32 72 86 77 59 
6 22 65 79 83 70 43 
4 16 55 75 46 
2 14 54 
2 16 51 
2 5 41 
4 0 30 69 39 
2 11 48 
2 2 39 
2 1 28 
4 19 60 76 52 
2 20 58 
2 17 57 
2 17 59 
2 13 54 
2 13 54 
2 10 49 
6 4 45 71 84 78 64 
2 11 46 
2 4 44 
2 24 64 
2 18 58 
2 4 43 
2 10 47 
2 66 35 
2 19 59 
2 17 59 
2 11 48 
6 14 55 79 83 69 36 
6 5 45 72 86 76 51 
2 91 31 
2 7 41 
2 13 52 
4 23 30 69 39 
2 92 35 
2 14 53 
2 91 35 
2 93 34 
2 9 48 
6 9 50 81 87 70 43 
2 14 54 
2 20 58 
2 4 44 
2 16 53 
2 10 47 
6 16 55 79 83 68 33 
6 10 50 82 89 68 33 
4 21 65 75 46 
2 91 31 
2 15 51 
2 19 59 
2 6 42 
4 6 45 69 37 
2 14 54 
2 5 43 
6 7 45 71 84 76 54 
2 12 29 
2 23 28 
2 22 64 
2 6 44 
6 2 38 71 84 77 57 
2 23 27 
2 14 54 
2 16 52 
6 6 45 74 90 77 56 
2 93 34 
2 9 49 
2 22 61 
4 22 65 75 46 
6 19 60 82 89 69 36 
2 66 35 
2 23 28 
2 6 42 
6 15 55 81 87 69 40 
2 8 48 
6 11 50 82 89 70 43 
2 19 59 
2 66 35 
2 95 36 
4 1 30 68 33 
2 23 28 
2 95 37 
6 19 60 82 89 69 37 
6 9 50 79 83 69 37 
2 95 37 
2 91 35 
2 15 52 
2 4 43 
4 23 30 68 35 
6 14 55 81 87 67 27 
2 6 41 
2 7 42 
6 95 38 74 90 76 53 
2 9 46 
4 0 30 69 39 
2 15 52 
2 8 48 
2 12 26 
6 21 65 81 87 69 39 
6 11 50 79 83 70 44 
2 12 29 
2 4 44 
2 92 33 
2 0 27 
2 1 28 
2 22 61 
2 3 39 
2 10 46 
4 21 65 75 48 
2 14 54 
2 91 34 
6 17 60 79 83 67 29 
2 22 63 
2 21 62 
2 16 53 
2 9 49 
4 94 38 70 43 
2 94 37 
4 9 50 76 54 
2 92 35 
2 22 63 
4 17 60 76 52 
2 23 27 
2 95 37 
2 94 37 
2 7 41 
2 22 64 
2 16 52 
2 8 47 
2 95 36 
2 3 39 
2 23 28 
2 93 33 
2 8 48 
4 20 60 78 62 
2 14 54 
4 66 32 67 29 
2 12 29 
2 11 48 
2 17 59 
2 6 44 
2 6 41 
2 25 63 
6 13 55 82 89 70 41 
2 93 31 
2 94 36 
2 23 26 
2 94 36 
6 21 65 81 87 70 41 
2 18 58 
6 92 32 72 86 75 46 
2 25 62 
4 8 50 76 54 
2 20 56 
2 22 63 
2 0 28 
6 94 38 71 84 75 46 
2 17 58 
6 21 65 82 89 70 43 
2 16 51 
2 9 49 
2 2 40 
4 16 55 78 63 
2 17 57 
2 13 52 
2 6 42 
2 13 53 
2 92 33 
2 13 53 
2 17 59 
6 94 38 72 86 75 49 
2 5 44 
2 1 29 
6 6 45 73 88 77 56 
2 6 42 
2 6 44 
2 95 36 
2 5 41 
2 4 44 
2 6 41 
2 23 28 
6 91 32 71 84 77 58 
2 21 64 
2 13 54 
4 93 32 67 27 
6 6 45 72 86 77 59 
2 15 54 
2 1 29 
2 15 52 
2 24 61 
4 15 55 75 48 
2 11 46 
2 3 40 
2 21 62 
2 20 58 
2 21 62 
2 91 31 
2 93 31 
6 4 45 72 86 76 51 
2 6 41 
6 21 65 79 83 69 39 
2 16 52 
2 24 62 
6 23 30 73 88 75 48 
2 17 59 
2 16 53 
2 11 48 
2 10 47 
2 14 54 
6 16 55 81 87 67 28 
2 11 46 
2 4 43 
4 4 45 67 29 
2 10 49 
2 2 39 
2 14 54 
2 95 39 
6 18 60 79 83 70 41 
2 94 37 
2 13 54 
2 25 63 
2 94 37 
2 15 51 
2 66 33 
6 15 55 79 83 69 37 
2 12 26 
4 8 50 78 63 
4 13 55 75 47 
2 17 59 
2 95 37 
2 13 54 
2 13 52 
2 23 26 
6 8 50 81 87 68 35 
2 16 51 
4 22 65 77 59 
2 6 44 
2 4 44 
6 95 38 72 86 76 53 
4 23 30 70 44 
2 12 29 
6 2 38 74 90 77 59 
4 16 55 75 48 
2 92 33 
2 8 49 
2 21 62 
2 91 31 
4 18 60 75 48 
2 23 26 
6 3 38 73 88 78 61 
6 94 38 73 88 76 52 
4 4 45 69 40 
6 1 30 73 88 76 51 
2 14 51 
6 18 60 82 89 70 43 
4 14 55 77 58 
6 2 38 74 90 76 53 
2 92 33 
2 22 64 
2 25 61 
2 3 40 
2 25 61 
4 23 30 68 34 
2 14 51 
2 6 44 
2 22 63 
6 9 50 81 87 68 33 
2 13 53 
2 10 47 
2 15 51 
4 18 60 78 61 
2 17 58 
2 11 48 
2 22 64 
6 22 65 82 89 69 39 
2 8 49 
2 2 37 
2 66 33 
2 11 47 
6 4 45 74 90 76 52 
2 24 62 
6 3 38 74 90 76 54 
6 1 30 73 88 76 51 
2 25 63 
6 5 45 74 90 76 54 
2 14 53 
2 12 27 
2 16 51 
2 16 53 
4 21 65 75 47 
2 21 63 
2 25 63 
6 8 50 81 87 69 39 
2 8 47 
2 14 53 
2 13 53 
2 1 29 
4 20 60 75 46 
6 2 38 74 90 78 63 
2 93 31 
2 3 39 
4 11 50 78 63 
2 25 63 
2 17 59 
6 9 50 82 89 68 31 
2 94 40 
4 16 55 75 47 
2 4 42 
2 15 54 
2 12 27 
2 95 36 
6 11 50 80 85 67 26 
2 66 35 
2 91 35 
6 14 55 81 87 69 36 
2 14 51 
2 19 56 
4 92 32 69 40 
2 95 39 
2 19 57 
2 66 35 
2 25 63 
2 3 39 
4 91 32 70 43 
2 0 28 
2 21 63 
4 20 60 75 46 
2 94 37 
4 10 50 77 57 
2 5 44 
2 94 37 
2 2 40 
2 4 44 
2 8 48 
2 3 40 
2 11 48 
2 22 61 
2 19 56 
2 13 52 
6 91 32 72 86 75 48 
2 8 47 
2 7 43 
2 16 53 
4 9 50 77 56 
2 6 41 
2 20 58 
4 13 55 77 59 
2 0 29 
2 17 59 
6 22 65 79 83 68 31 
2 22 61 
2 94 40 
2 5 43 
2 92 35 
6 14 55 82 89 68 35 
2 17 57 
2 24 61 
2 95 39 
2 3 39 
6 7 45 73 88 76 51 
2 13 52 
2 6 41 
6 91 32 73 88 76 51 
2 19 57 
2 7 42 
2 19 59 
2 14 53 
2 9 48 
4 20 60 78 63 
2 16 53 
6 9 50 80 85 70 41 
4 3 38 70 42 
2 9 46 
2 20 56 
6 20 60 80 85 67 27 
2 0 27 
2 16 53 
4 21 65 76 53 
2 93 31 
2 25 61 
2 14 54 
2 19 59 
6 10 50 80 85 68 31 
2 18 56 
4 94 38 67 26 
2 22 61 
2 15 54 
2 8 48 
2 16 52 
2 5 41 
6 11 50 81 87 69 40 
4 12 30 68 31 
2 18 59 
2 0 29 
2 8 49 
2 15 54 
2 13 52 
2 5 44 
4 19 60 78 64 
6 93 32 72 86 78 62 
6 18 60 81 87 67 27 
2 15 52 
2 66 34 
2 18 56 
4 94 38 67 28 
2 91 31 
4 3 38 67 27 
6 19 60 81 87 68 34 
6 2 38 73 88 78 62 
4 93 32 67 28 
2 21 64 
2 10 49 
2 24 62 
4 15 55 77 56 
2 24 64 
2 24 61 
2 0 27 
2 11 46 
2 17 57 
2 13 54 
2 14 54 
2 12 27 
4 94 38 70 43 
2 66 34 
6 7 45 71 84 77 57 
2 8 49 
2 23 28 
6 93 32 74 90 76 53 
2 24 61 
2 1 29 
4 11 50 76 53 
4 16 55 75 48 
2 66 33 
2 17 58 
2 25 62 
2 5 41 
2 14 54 
6 10 50 80 85 67 29 
2 14 53 
2 21 64 
6 0 30 72 86 76 51 
2 23 28 
2 3 40 
2 25 63 
2 24 61 
6 91 32 74 90 75 48 
6 20 60 79 83 69 37 
2 91 31 
2 13 52 
2 3 39 
4 91 32 67 28 
2 17 58 
6 23 30 71 84 75 49 
2 16 52 
4 13 55 78 61 
2 7 42 
6 5 45 72 86 75 46 
2 7 41 
2 4 42 
2 18 56 
2 66 35 
2 16 53 
2 2 40 
2 15 54 
2 91 31 
2 9 48 
2 13 54 
6 25 65 79 83 69 39 
2 20 58 
2 12 29 
4 6 45 69 39 
2 3 36 
2 19 57 
2 21 63 
2 95 39 
2 9 48 
2 93 34 
2 19 59 
2 9 49 
2 18 58 
2 94 36 
4 2 38 67 27 
2 25 61 
2 18 56 
2 94 37 
2 19 57 
2 6 41 
4 23 30 68 34 
2 7 43 
4 25 65 77 57 
2 17 59 
2 1 29 
2 25 61 
2 15 54 
6 8 50 82 89 70 42 
6 17 60 82 89 68 35 
2 95 37 
2 24 62 
2 18 59 
2 1 26 
2 8 48 
2 92 33 
2 95 36 
2 23 28 
2 7 43 
6 10 50 82 89 68 35 
6 5 45 73 88 76 54 
4 66 32 69 40 
2 25 63 
2 21 64 
2 2 40 
2 18 59 
2 15 51 
2 24 61 
6 23 30 71 84 78 62 
2 94 37 
2 66 33 
2 8 48 
2 17 58 
6 14 55 81 87 69 40 
2 94 40 
2 25 62 
2 17 58 
6 6 45 74 90 75 49 
4 10 50 76 51 
2 13 53 
2 12 26 
2 66 34 
2 7 42 
2 16 52 
2 93 34 
2 94 36 
2 16 52 
2 66 33 
6 18 60 82 89 70 43 
2 1 29 
2 9 48 
6 91 32 72 86 78 64 
2 20 57 
6 19 60 80 85 69 36 
2 9 49 
2 15 51 
2 12 27 
2 18 59 
4 18 60 75 48 
2 22 63 
2 93 31 
4 5 45 67 29 
2 94 40 
2 5 41 
2 22 61 
2 10 46 
2 25 62 
2 5 43 
2 3 39 
2 15 51 
2 94 37 
2 5 41 
2 20 58 
2 2 40 
2 22 63 
2 23 27 
2 15 52 
2 15 51 
2 3 36 
4 14 55 75 48 
6 13 55 79 83 67 27 
2 1 26 
2 5 44 
2 15 52 
2 91 34 
2 15 52 
2 18 58 
4 16 55 78 64 
4 16 55 77 57 
2 6 44 
2 10 46 
6 19 60 81 87 67 28 
2 14 53 
2 1 28 
4 2 38 70 41 
2 18 59 
6 0 30 72 86 76 51 
2 14 51 
2 6 44 
2 12 29 
6 91 32 72 86 78 63 
2 5 43 
2 21 63 
2 17 57 
4 0 30 69 40 
2 66 34 
2 95 36 
2 1 28 
6 18 60 81 87 70 42 
2 23 28 
2 3 36 
2 13 54 
2 13 54 
6 16 55 79 83 69 39 
2 92 33 
2 15 52 
6 24 65 82 89 68 31 
6 24 65 81 87 67 29 
2 93 33 
2 16 52 
2 14 54 
2 25 63 
2 8 48 
2 13 53 
2 17 58 
4 17 60 78 61 
2 93 31 
4 92 32 70 43 
2 22 64 
6 14 55 80 85 70 44 
6 91 32 72 86 76 53 
2 15 51 
2 20 58 
2 19 56 
4 4 45 69 37 
2 7 41 
2 92 35 
6 25 65 82 89 67 28 
4 24 65 77 58 
6 92 32 72 86 75 46 
2 23 27 
4 8 50 78 61 
2 16 52 
2 10 46 
2 22 63 
2 2 39 
6 13 55 79 83 68 33 
4 21 65 77 57 
2 15 52 
4 0 30 68 31 
6 23 30 71 84 77 57 
2 66 33 
2 23 28 
2 25 62 
2 12 26 
2 10 47 
2 23 26 
2 92 35 
2 17 59 
2 6 41 
6 11 50 80 85 70 43 
2 0 29 
2 25 62 
6 4 45 71 84 78 63 
2 10 49 
6 19 60 81 87 67 28 
2 94 37 
2 3 39 
2 0 29 
2 1 28 
4 18 60 76 53 
2 17 57 
2 21 63 
2 24 62 
6 14 55 80 85 67 29 
6 20 60 82 89 70 44 
4 22 65 77 58 
2 2 39 
2 18 58 
2 94 40 
2 91 34 
6 4 45 71 84 77 59 
6 15 55 79 83 69 39 
2 3 36 
6 11 50 79 83 68 35 
2 15 54 
6 15 55 82 89 68 35 
2 1 26 
4 8 50 76 51 
2 91 31 
2 0 28 
2 6 44 
2 91 35 
2 0 29 
2 24 64 
2 1 28 
6 21 65 80 85 69 36 
2 12 26 
2 25 63 
2 94 36 
6 92 32 71 84 78 62 
2 15 52 
6 24 65 82 89 68 31 
2 15 51 
2 19 56 
4 18 60 76 51 
2 2 37 
4 17 60 75 47 
2 22 63 
6 17 60 82 89 68 33 
2 19 56 
4 10 50 76 52 
2 19 59 
2 20 58 
6 9 50 79 83 67 26 
6 12 30 72 86 78 64 
2 10 49 
2 22 63 
2 7 41 
2 7 41 
2 24 61 
2 92 31 
2 10 47 
6 17 60 81 87 68 33 
6 12 30 74 90 75 46 
2 95 36 
6 93 32 73 88 76 54 
2 1 29 
2 3 39 
2 5 41 
2 92 33 
2 1 28 
2 10 49 
6 21 65 81 87 69 36 
2 91 31 
4 10 50 76 53 
2 0 28 
2 19 57 
2 20 57 
2 14 54 
4 91 32 69 36 
4 66 32 69 37 
6 23 30 73 88 77 58 
6 66 32 73 88 76 54 
2 20 57 
2 66 35 
2 16 52 
2 66 35 
4 5 45 69 37 
2 8 48 
2 15 54 
2 25 61 
4 25 65 75 47 
4 22 65 75 48 
2 95 36 
4 91 32 67 28 
6 19 60 81 87 70 41 
2 15 52 
2 22 61 
6 2 38 73 88 77 56 
6 66 32 73 88 76 51 
2 5 44 
2 6 44 
2 16 51 
4 24 65 75 47 
6 10 50 82 89 68 35 
2 95 37 
2 95 37 
2 20 57 
2 66 34 
4 15 55 78 62 
2 17 58 
2 91 34 
2 14 54 
2 23 28 
2 95 36 
2 95 37 
2 13 53 
2 5 43 
2 21 64 
2 15 54 
4 0 30 68 34 
2 5 43 
2 92 31 
4 18 60 75 49 
2 24 61 
2 14 53 
2 22 61 
2 66 33 
2 24 62 
6 11 50 82 89 69 37 
2 2 39 
2 4 42 
4 20 60 75 48 
4 0 30 69 36 
2 10 49 
2 14 53 
6 66 32 73 88 77 56 
2 7 41 
2 91 35 
2 93 31 
2 4 43 
2 14 51 
4 19 60 76 51 
4 10 50 78 63 
6 93 32 73 88 77 59 
2 95 36 
2 21 62 
6 18 60 80 85 67 27 
4 12 30 69 40 
2 7 43 
2 3 39 
2 93 34 
2 17 59 
2 66 35 
6 3 38 74 90 76 53 
2 1 28 
2 12 27 
2 24 61 
2 16 51 
2 8 47 
6 2 38 71 84 78 64 
2 5 44 
2 19 57 
6 22 65 80 85 68 35 
2 93 33 
2 92 31 
6 92 32 73 88 77 58 
2 12 26 
4 7 45 69 36 
2 1 28 
2 95 39 
2 17 57 
6 21 65 79 83 68 33 
2 10 49 
4 14 55 77 59 
4 91 32 69 36 
6 11 50 79 83 70 43 
4 0 30 69 40 
2 0 27 
2 25 62 
2 23 28 
2 19 57 
2 93 31 
6 23 30 74 90 76 51 
2 93 33 
2 25 62 
2 18 59 
2 93 31 
2 12 26 
6 12 30 71 84 75 47 
2 4 44 
4 17 60 75 46 
6 22 65 79 83 68 31 
4 24 65 75 47 
2 14 54 
6 10 50 81 87 68 34 
4 8 50 76 53 
4 25 65 76 54 
4 14 55 77 58 
2 5 41 
2 94 40 
6 91 32 72 86 76 53 
2 25 62 
2 17 59 
2 5 44 
2 22 64 
6 21 65 80 85 68 35 
4 23 30 68 31 
2 16 52 
4 9 50 78 61 
2 20 58 
2 18 58 
2 22 63 
2 10 49 
4 15 55 77 56 
2 12 26 
6 22 65 81 87 70 43 
2 20 58 
2 10 46 
6 91 32 73 88 78 63 
2 92 33 
2 95 36 
2 23 26 
6 17 60 79 83 70 42 
2 92 35 
2 92 33 
2 11 46 
2 21 64 
4 9 50 76 53 
2 20 56 
2 2 39 
2 94 40 
6 66 32 72 86 75 46 
2 7 42 
2 14 54 
6 24 65 79 83 69 39 
2 6 44 
2 94 40 
4 24 65 75 47 
2 11 48 
6 18 60 80 85 68 35 
6 25 65 81 87 67 28 
6 17 60 79 83 68 34 
2 2 37 
2 91 35 
2 1 29 
2 16 53 
4 8 50 78 64 
2 20 56 
2 94 36 
2 14 53 
2 9 48 
2 13 53 
2 0 28 
2 23 27 
2 13 52 
6 20 60 81 87 69 40 
4 5 45 69 37 
2 95 39 
2 21 64 
2 11 47 
6 25 65 81 87 67 29 
6 0 30 73 88 76 54 
2 22 61 
2 6 44 
2 23 27 
2 25 62 
2 25 62 
2 13 54 
2 5 44 
2 15 54 
2 21 64 
2 19 56 
6 10 50 82 89 67 29 
2 12 26 
2 7 43 
2 1 26 
2 22 64 
2 12 29 
2 9 46 
2 16 52 
2 2 37 
6 6 45 74 90 78 62 
6 8 50 80 85 67 29 
2 20 57 
2 10 47 
2 94 37 
2 17 57 
2 95 36 
6 13 55 79 83 68 35 
2 7 41 
2 16 53 
2 8 48 
4 11 50 77 56 
4 94 38 68 33 
6 22 65 80 85 68 34 
2 18 56 
2 93 31 
2 17 57 
2 17 59 
2 15 52 
2 16 51 
2 9 46 
2 23 27 
2 66 34 
4 20 60 76 54 
6 14 55 81 87 68 31 
6 0 30 71 84 77 58 
2 13 53 
2 66 34 
2 1 26 
6 24 65 80 85 67 26 
2 23 28 
2 1 29 
6 93 32 72 86 76 52 
2 23 26 
6 15 55 80 85 69 40 
4 23 30 70 41 
2 18 56 
2 25 63 
2 16 51 
2 19 59 
2 13 52 
6 23 30 72 86 78 63 
2 93 31 
6 15 55 80 85 69 37 
2 9 46 
6 5 45 71 84 76 54 
4 18 60 76 53 
2 22 63 
2 18 56 
2 11 47 
6 3 38 72 86 75 47 
6 92 32 74 90 76 54 
2 13 53 
6 94 38 71 84 76 54 
2 8 48 
6 91 32 73 88 76 54 
2 10 46 
2 92 31 
2 93 33 
4 94 38 68 34 
2 16 53 
2 3 39 
2 23 28 
2 95 36 
2 66 35 
2 16 53 
2 13 54 
2 91 31 
4 18 60 76 51 
4 91 32 70 44 
2 23 27 
2 9 49 
4 21 65 75 47 
4 21 65 77 58 
2 19 57 
2 5 44 
2 2 37 
2 12 26 
2 95 39 
6 23 30 74 90 75 48 
2 7 43 
2 15 54 
2 91 34 
2 17 57 
2 17 58 
2 23 28 
2 19 59 
4 22 65 75 48 
4 0 30 68 33 
2 15 54 
4 5 45 68 31 
6 0 30 72 86 76 53 
6 9 50 81 87 69 37 
2 0 28 
2 92 35 
2 16 52 
2 66 34 
2 4 43 
4 4 45 69 36 
4 20 60 78 61 
2 19 59 
2 22 64 
6 2 38 74 90 76 53 
2 6 44 
2 14 54 
2 7 42 
6 95 38 71 84 77 59 
2 95 37 
6 10 50 80 85 69 37 
2 8 49 
2 8 48 
2 20 58 
2 23 27 
2 16 53 
2 22 63 
2 91 35 
6 9 50 82 89 69 39 
2 19 57 
2 9 48 
4 2 38 67 29 
2 18 56 
2 21 64 
4 5 45 68 35 
6 13 55 80 85 69 36 
4 21 65 75 46 
2 91 31 
2 93 33 
2 10 46 
2 93 31 
2 2 37 
2 92 35 
6 23 30 71 84 78 61 
2 10 47 
4 95 38 70 43 
2 15 51 
2 14 53 
2 15 51 
2 94 36 
6 91 32 71 84 76 52 
2 8 47 
2 91 31 
2 94 40 
2 6 44 
2 14 54 
2 19 56 
2 17 57 
2 3 40 
2 0 28 
6 94 38 73 88 76 51 
2 22 61 
4 13 55 77 58 
2 66 35 
2 10 46 
2 95 36 
2 6 41 
2 5 41 
2 95 37 
2 6 42 
6 2 38 71 84 77 59 
2 5 41 
2 14 51 
2 23 28 
2 0 29 
2 16 53 
2 24 62 
2 12 27 
2 13 54 
2 92 31 
2 91 34 
2 14 54 
2 24 61 
2 20 57 
2 1 29 
6 6 45 73 88 75 46 
2 92 31 
4 23 30 68 33 
2 13 52 
2 9 46 
2 1 26 
4 23 30 69 40 
2 2 37 
2 24 62 
2 95 39 
2 20 58 
2 0 28 
4 7 45 68 34 
2 17 59 
6 2 38 72 86 75 46 
4 6 45 67 28 
2 7 43 
2 15 54 
2 17 57 
4 20 60 78 62 
6 17 60 82 89 69 39 
4 94 38 67 26 
2 4 44 
6 94 38 74 90 76 51 
2 13 54 
2 6 44 
6 92 32 72 86 76 54 
4 5 45 67 26 
6 20 60 79 83 67 28 
2 5 41 
2 0 29 
2 93 33 
2 14 54 
4 3 38 70 41 
2 15 51 
4 92 32 69 40 
2 22 61 
2 14 51 
2 15 52 
2 14 53 
2 21 63 
2 66 34 
2 4 42 
2 8 48 
6 18 60 81 87 70 42 
2 92 31 
2 8 47 
2 18 59 
4 0 30 69 39 
2 14 54 
2 25 61 
2 14 51 
2 19 59 
6 23 30 71 84 78 64 
2 66 34 
2 0 29 
2 25 63 
2 20 56 
4 11 50 78 61 
2 7 43 
2 17 59 
2 10 47 
2 23 28 
2 5 43 
2 1 26 
6 91 32 74 90 76 53 
2 5 43 
2 9 49 
2 9 46 
4 17 60 76 51 
2 14 54 
6 18 60 81 87 69 39 
2 5 43 
4 13 55 78 62 
4 12 30 68 31 
4 2 38 70 42 
2 92 35 
6 3 38 73 88 76 52 
6 10 50 80 85 67 27 
2 92 31 
4 15 55 78 62 
2 22 64 
2 93 31 
2 25 63 
2 18 59 
2 22 63 
2 7 42 
2 11 47 
2 15 54 
6 9 50 79 83 68 35 
2 19 57 
6 4 45 74 90 77 59 
2 94 40 
4 12 30 69 37 
2 23 27 
6 13 55 79 83 69 36 
2 15 54 
2 25 63 
6 4 45 74 90 75 47 
2 7 41 
2 24 61 
6 12 30 71 84 75 46 
2 21 63 
2 13 54 
4 66 32 67 29 
2 16 53 
6 18 60 79 83 68 31 
2 3 40 
2 14 54 
2 94 40 
2 22 63 
6 66 32 71 84 75 49 
4 11 50 77 57 
2 25 61 
4 6 45 68 34 
2 8 48 
2 91 35 
2 24 64 
2 7 42 
2 25 61 
2 21 62 
2 15 54 
2 13 52 
2 16 52 
2 15 51 
2 5 43 
6 3 38 74 90 78 62 
2 20 57 
2 8 48 
2 10 47 
2 93 34 
2 0 27 
2 1 26 
4 4 45 67 29 
2 13 54 
2 5 43 
2 6 42 
2 92 35 
2 24 62 
6 7 45 72 86 77 58 
6 12 30 71 84 75 48 
2 6 41 
4 18 60 78 64 
2 4 44 
2 21 62 
4 22 65 77 58 
2 5 43 
2 9 46 
2 91 34 
2 92 35 
2 8 47 
4 2 38 68 31 
2 25 61 
2 23 26 
2 17 59 
4 2 38 67 28 
2 0 28 
2 8 47 
2 21 64 
2 14 51 
6 15 55 79 83 70 43 
2 23 26 
4 17 60 76 52 
2 23 28 
6 21 65 81 87 70 43 
4 12 30 69 37 
2 92 35 
2 12 26 
2 8 48 
2 9 49 
2 13 53 
2 4 43 
2 21 64 
2 25 62 
4 9 50 77 56 
6 94 38 71 84 77 57 
2 16 52 
2 7 43 
6 2 38 74 90 78 61 
2 25 61 
6 2 38 74 90 78 61 
2 3 40 
2 20 56 
2 12 26 
2 94 37 
2 14 53 
6 16 55 79 83 70 42 
2 20 57 
2 15 51 
2 66 35 
2 8 49 
2 5 43 
2 2 40 
2 18 59 
2 7 41 
2 7 43 
2 66 34 
2 7 43 
2 20 58 
4 94 38 70 43 
2 15 54 
2 4 42 
2 4 42 
6 8 50 82 89 69 36 
2 66 34 
2 92 31 
4 3 38 70 41 
2 93 33 
2 19 59 
2 0 29 
2 23 27 
2 66 33 
6 20 60 79 83 68 33 
4 8 50 76 52 
2 92 35 
4 24 65 76 54 
2 5 43 
2 95 37 
4 2 38 68 33 
2 10 49 
2 18 56 
2 2 39 
2 3 39 
2 66 33 
2 92 31 
2 4 44 
2 95 37 
2 0 28 
2 11 46 
2 14 51 
2 93 33 
2 9 46 
6 17 60 82 89 70 41 
2 25 63 
2 93 31 
2 16 52 
2 66 35 
2 16 53 
2 93 34 
2 23 28 
2 94 36 
2 95 37 
2 95 39 
4 15 55 78 64 
2 15 54 
2 17 58 
2 12 29 
2 93 34 
2 8 48 
2 21 64 
2 17 59 
2 16 52 
2 4 44 
2 9 48 
2 15 51 
2 10 49 
2 95 39 
2 95 39 
2 20 56 
4 95 38 68 33 
2 2 39 
2 21 64 
2 66 34 
2 95 36 
2 93 31 
2 25 63 
2 15 52 
2 8 47 
2 21 62 
2 24 62 
2 1 26 
2 1 26 
2 12 29 
2 3 39 
2 1 29 
2 8 47 
2 91 35 
4 20 60 76 53 
2 3 39 
2 25 63 
6 5 45 74 90 77 57 
2 2 40 
4 16 55 75 47 
2 2 40 
2 16 52 
4 14 55 75 46 
2 13 54 
4 24 65 77 59 
2 10 49 
6 4 45 74 90 78 64 
2 8 49 
2 19 57 
2 18 56 
2 7 43 
2 22 63 
6 6 45 73 88 77 59 
6 13 55 82 89 68 35 
2 2 40 
4 11 50 76 54 
2 12 29 
4 91 32 69 36 
2 13 52 
2 92 31 
2 66 35 
2 14 51 
2 3 40 
2 13 52 
2 23 28 
4 92 32 67 26 
2 18 59 
2 2 40 
2 94 40 
2 66 33 
2 23 28 
2 15 54 
6 8 50 80 85 67 28 
2 13 54 
2 94 37 
2 25 62 
2 9 48 
2 66 33 
2 93 33 
6 95 38 73 88 78 62 
6 22 65 82 89 68 34 
2 25 63 
4 12 30 70 41 
2 14 53 
2 14 54 
4 19 60 78 63 
2 16 53 
6 94 38 74 90 75 48 
2 19 57 
6 95 38 72 86 77 56 
2 93 34 
2 12 29 
2 23 27 
2 4 44 
2 20 56 
2 1 29 
2 2 39 
6 3 38 73 88 77 56 
2 11 46 
2 1 28 
2 15 51 
2 8 47 
2 4 43 
2 24 61 
2 3 39 
6 21 65 82 89 70 44 
4 13 55 75 49 
2 14 51 
2 5 44 
4 13 55 78 61 
2 92 31 
2 15 51 
6 3 38 73 88 77 58 
2 22 64 
2 3 40 
4 14 55 78 64 
2 95 37 
2 20 56 
2 3 36 
2 7 41 
2 21 63 
2 66 34 
2 10 46 
2 19 59 
4 95 38 70 44 
2 14 51 
6 95 38 74 90 75 49 
2 19 59 
6 66 32 72 86 78 63 
2 14 54 
2 23 28 
2 14 51 
2 9 48 
4 8 50 78 64 
2 5 44 
2 66 34 
6 95 38 72 86 75 47 
2 18 58 
4 20 60 75 49 
2 2 39 
2 8 47 
2 13 53 
4 22 65 75 48 
2 9 46 
2 5 44 
2 7 42 
2 23 27 
2 13 53 
2 9 48 
4 21 65 75 47 
2 13 52 
2 18 59 
6 22 65 81 87 70 43 
2 66 33 
2 19 59 
2 91 35 
6 4 45 74 90 76 52 
2 13 54 
6 12 30 72 86 78 61 
2 14 51 
4 15 55 78 64 
2 7 41 
4 94 38 70 41 
2 18 58 
2 12 29 
2 0 28 
2 22 61 
6 22 65 82 89 67 26 
4 0 30 68 34 
6 9 50 79 83 68 35 
2 15 51 
6 94 38 73 88 75 48 
2 24 62 
2 5 44 
2 25 63 
2 10 46 
4 3 38 70 44 
2 10 47 
2 6 44 
2 12 27 
2 11 46 
2 4 44 
2 0 28 
2 21 62 
2 4 43 
2 25 61 
2 7 41 
2 16 53 
2 93 34 
2 10 47 
6 4 45 73 88 78 64 
2 4 43 
2 16 53 
2 22 64 
2 93 34 
6 95 38 74 90 78 62 
2 14 54 
4 6 45 68 33 
2 11 46 
2 6 42 
6 8 50 82 89 67 27 
2 3 40 
2 66 35 
2 21 64 
2 91 34 
4 19 60 76 51 
6 5 45 71 84 77 58 
2 18 56 
2 2 39 
2 11 48 
2 11 48 
2 95 37 
2 1 28 
2 7 43 
2 92 35 
2 17 58 
2 13 53 
2 15 51 
2 93 33 
2 14 54 
2 94 40 
2 3 39 
2 22 61 
2 0 29 
2 92 31 
2 5 44 
2 8 47 
2 10 47 
6 13 55 81 87 68 35 
4 6 45 67 29 
2 2 37 
2 2 40 
2 6 44 
2 20 56 
2 95 39 
2 20 57 
2 17 59 
2 3 40 
6 14 55 80 85 68 34 
6 20 60 82 89 70 43 
2 15 52 
4 3 38 68 34 
4 15 55 75 48 
2 24 62 
2 14 53 
2 22 63 
6 15 55 82 89 70 42 
2 92 33 
2 18 58 
2 9 48 
2 17 58 
2 66 33 
2 17 57 
2 21 62 
2 5 44 
6 7 45 71 84 75 49 
2 66 33 
2 11 48 
2 2 40 
4 19 60 75 49 
2 13 53 
2 5 41 
2 3 39 
2 91 34 
2 22 61 
2 14 53 
6 15 55 80 85 70 41 
4 9 50 78 64 
2 95 37 
2 66 33 
2 18 58 
2 94 37 
4 1 30 68 35 
2 19 56 
2 15 54 
2 6 41 
2 6 42 
2 91 34 
2 10 49 
2 14 53 
2 92 35 
2 12 26 
2 95 36 
2 25 62 
6 6 45 74 90 77 56 
4 9 50 76 54 
4 15 55 77 56 
2 9 49 
2 14 54 
2 24 62 
2 10 46 
6 16 55 82 89 67 28 
6 12 30 72 86 77 56 
2 3 36 
2 0 27 
2 66 33 
6 19 60 82 89 70 44 
2 19 59 
2 14 54 
2 22 64 
2 94 36 
2 19 59 
2 24 64 
2 10 49 
2 15 54 
6 9 50 81 87 68 35 
2 20 57 
4 11 50 77 56 
2 20 58 
6 66 32 71 84 75 49 
2 12 26 
6 22 65 81 87 68 33 
2 2 37 
2 4 44 
2 1 29 
6 17 60 80 85 67 28 
6 93 32 72 86 78 61 
4 9 50 76 52 
2 18 58 
4 20 60 75 49 
2 66 35 
2 91 34 
2 22 63 
2 16 52 
2 91 35 
2 66 35 
2 4 43 
2 4 44 
2 16 51 
4 20 60 76 54 
2 21 64 
2 3 36 
4 17 60 75 48 
2 4 44 
4 94 38 67 26 
6 1 30 74 90 75 49 
2 94 40 
6 25 65 80 85 70 41 
2 5 44 
2 11 46 
2 15 51 
2 14 54 
2 13 54 
4 7 45 68 33 
2 95 37 
2 3 36 
2 3 36 
2 22 64 
2 21 62 
2 9 48 
2 25 63 
2 9 46 
2 22 61 
2 3 39 
2 3 36 
6 25 65 82 89 69 40 
2 5 43 
4 2 38 67 26 
2 5 41 
2 6 42 
2 15 54 
2 7 42 
2 66 33 
2 18 58 
2 20 56 
2 16 51 
2 6 41 
2 16 53 
2 0 29 
2 2 37 
2 21 64 
6 0 30 73 88 75 49 
6 13 55 81 87 67 28 
2 13 52 
6 21 65 81 87 67 29 
2 6 44 
2 6 41 
2 24 61 
2 10 46 
4 13 55 75 46 
2 2 40 
2 25 62 
2 94 40 
4 6 45 67 27 
2 6 44 
2 17 57 
6 95 38 72 86 76 53 
2 11 47 
2 94 37 
4 25 65 77 57 
2 18 59 
6 5 45 71 84 78 63 
2 14 53 
2 5 44 
2 9 46 
2 10 49 
2 91 31 
2 9 46 
2 3 40 
2 22 63 
6 14 55 80 85 69 36 
2 11 46 
2 18 59 
2 24 61 
2 11 48 
2 5 44 
4 15 55 78 63 
2 7 43 
2 0 29 
2 25 63 
